t = [1 0.5 0.5*0.5 0.5*0.5*0.5];
M = [ 0 1 0 0; -0.5 0 0.5 0; 2*0.5 0.5-3 3-2*0.5 0.5; -0.5 2-0.5 0.5-2 0.5 ];
p = [ 0 0 0; 1 1.8 1; 2 1.2 2; 3 3 3];